======================================
    Scenario 4 Simulation Results    
======================================
Configuration:
  Grid: 10x10
  Spacing: 20m
  Simulation Time: 60s
  Fragments: 10
  UAVs: 2
  Seed: 42
  Run ID: 1
======================================


=== Base Station Initialization ===
BS Node ID: 100
Start Time: 0s

[NODE-INFO] 0 0 0 0 0
[NODE-INFO] 1 0 0 20 0
[NODE-INFO] 2 0 0 40 0
[NODE-INFO] 3 0 0 60 0
[NODE-INFO] 4 1 1 80 0
[NODE-INFO] 5 1 1 100 0
[NODE-INFO] 6 1 1 120 0
[NODE-INFO] 7 1 1 140 0
[NODE-INFO] 8 1 1 160 0
[NODE-INFO] 9 1 1 180 0
[NODE-INFO] 10 0 0 0 20
[NODE-INFO] 11 0 0 20 20
[NODE-INFO] 12 0 0 40 20
[NODE-INFO] 13 0 0 60 20
[NODE-INFO] 14 1 1 80 20
[NODE-INFO] 15 1 1 100 20
[NODE-INFO] 16 1 1 120 20
[NODE-INFO] 17 1 1 140 20
[NODE-INFO] 18 1 1 160 20
[NODE-INFO] 19 1 1 180 20
[NODE-INFO] 20 0 0 0 40
[NODE-INFO] 21 0 0 20 40
[NODE-INFO] 22 0 0 40 40
[NODE-INFO] 23 0 0 60 40
[NODE-INFO] 24 1 1 80 40
[NODE-INFO] 25 1 1 100 40
[NODE-INFO] 26 1 1 120 40
[NODE-INFO] 27 1 1 140 40
[NODE-INFO] 28 1 1 160 40
[NODE-INFO] 29 1 1 180 40
[NODE-INFO] 30 0 0 0 60
[NODE-INFO] 31 0 0 20 60
[NODE-INFO] 32 10000 2 40 60
[NODE-INFO] 33 10000 2 60 60
[NODE-INFO] 34 10000 2 80 60
[NODE-INFO] 35 10000 2 100 60
[NODE-INFO] 36 1 1 120 60
[NODE-INFO] 37 1 1 140 60
[NODE-INFO] 38 1 1 160 60
[NODE-INFO] 39 10001 0 180 60
[NODE-INFO] 40 0 0 0 80
[NODE-INFO] 41 10000 2 20 80
[NODE-INFO] 42 10000 2 40 80
[NODE-INFO] 43 10000 2 60 80
[NODE-INFO] 44 10000 2 80 80
[NODE-INFO] 45 10000 2 100 80
[NODE-INFO] 46 10000 2 120 80
[NODE-INFO] 47 10001 0 140 80
[NODE-INFO] 48 10001 0 160 80
[NODE-INFO] 49 10001 0 180 80
[NODE-INFO] 50 10000 2 0 100
[NODE-INFO] 51 10000 2 20 100
[NODE-INFO] 52 10000 2 40 100
[NODE-INFO] 53 10000 2 60 100
[NODE-INFO] 54 10000 2 80 100
[NODE-INFO] 55 10000 2 100 100
[NODE-INFO] 56 10000 2 120 100
[NODE-INFO] 57 10001 0 140 100
[NODE-INFO] 58 10001 0 160 100
[NODE-INFO] 59 10001 0 180 100
[NODE-INFO] 60 9999 1 0 120
[NODE-INFO] 61 10000 2 20 120
[NODE-INFO] 62 10000 2 40 120
[NODE-INFO] 63 10000 2 60 120
[NODE-INFO] 64 10000 2 80 120
[NODE-INFO] 65 10000 2 100 120
[NODE-INFO] 66 10000 2 120 120
[NODE-INFO] 67 10001 0 140 120
[NODE-INFO] 68 10001 0 160 120
[NODE-INFO] 69 10001 0 180 120
[NODE-INFO] 70 9999 1 0 140
[NODE-INFO] 71 10000 2 20 140
[NODE-INFO] 72 10000 2 40 140
[NODE-INFO] 73 10000 2 60 140
[NODE-INFO] 74 10000 2 80 140
[NODE-INFO] 75 10000 2 100 140
[NODE-INFO] 76 10000 2 120 140
[NODE-INFO] 77 10001 0 140 140
[NODE-INFO] 78 10001 0 160 140
[NODE-INFO] 79 10001 0 180 140
[NODE-INFO] 80 9999 1 0 160
[NODE-INFO] 81 10000 2 20 160
[NODE-INFO] 82 10000 2 40 160
[NODE-INFO] 83 10000 2 60 160
[NODE-INFO] 84 10000 2 80 160
[NODE-INFO] 85 10000 2 100 160
[NODE-INFO] 86 10000 2 120 160
[NODE-INFO] 87 10001 0 140 160
[NODE-INFO] 88 10001 0 160 160
[NODE-INFO] 89 10001 0 180 160
[NODE-INFO] 90 19999 0 0 180
[NODE-INFO] 91 19999 0 20 180
[NODE-INFO] 92 10000 2 40 180
[NODE-INFO] 93 10000 2 60 180
[NODE-INFO] 94 10000 2 80 180
[NODE-INFO] 95 10000 2 100 180
[NODE-INFO] 96 20000 1 120 180
[NODE-INFO] 97 20000 1 140 180
[NODE-INFO] 98 20000 1 160 180
[NODE-INFO] 99 10001 0 180 180
Step 1: Assign Cell ID and Color
  Total ground nodes: 100
  Cell radius: 80m

[NEIGHBOR-DISCOVERY] [0] 1 2 3 4 10 11 12 13 20 21 22 23 30 31 32 40
[NEIGHBOR-DISCOVERY] [1] 0 2 3 4 5 10 11 12 13 14 20 21 22 23 24 30 31 32 33 41
[NEIGHBOR-DISCOVERY] [2] 0 1 3 4 5 6 10 11 12 13 14 15 20 21 22 23 24 25 30 31 32 33 34 42
[NEIGHBOR-DISCOVERY] [3] 0 1 2 4 5 6 7 10 11 12 13 14 15 16 20 21 22 23 24 25 26 31 32 33 34 35 43
[NEIGHBOR-DISCOVERY] [4] 0 1 2 3 5 6 7 8 11 12 13 14 15 16 17 21 22 23 24 25 26 27 32 33 34 35 36 44
[NEIGHBOR-DISCOVERY] [5] 1 2 3 4 6 7 8 9 12 13 14 15 16 17 18 22 23 24 25 26 27 28 33 34 35 36 37 45
[NEIGHBOR-DISCOVERY] [6] 2 3 4 5 7 8 9 13 14 15 16 17 18 19 23 24 25 26 27 28 29 34 35 36 37 38 46
[NEIGHBOR-DISCOVERY] [7] 3 4 5 6 8 9 14 15 16 17 18 19 24 25 26 27 28 29 35 36 37 38 39 47
[NEIGHBOR-DISCOVERY] [8] 4 5 6 7 9 15 16 17 18 19 25 26 27 28 29 36 37 38 39 48
[NEIGHBOR-DISCOVERY] [9] 5 6 7 8 16 17 18 19 26 27 28 29 37 38 39 49
[NEIGHBOR-DISCOVERY] [10] 0 1 2 3 11 12 13 14 20 21 22 23 30 31 32 33 40 41 42 50
[NEIGHBOR-DISCOVERY] [11] 0 1 2 3 4 10 12 13 14 15 20 21 22 23 24 30 31 32 33 34 40 41 42 43 51
[NEIGHBOR-DISCOVERY] [12] 0 1 2 3 4 5 10 11 13 14 15 16 20 21 22 23 24 25 30 31 32 33 34 35 40 41 42 43 44 52
[NEIGHBOR-DISCOVERY] [13] 0 1 2 3 4 5 6 10 11 12 14 15 16 17 20 21 22 23 24 25 26 30 31 32 33 34 35 36 41 42 43 44 45 53
[NEIGHBOR-DISCOVERY] [14] 1 2 3 4 5 6 7 10 11 12 13 15 16 17 18 21 22 23 24 25 26 27 31 32 33 34 35 36 37 42 43 44 45 46 54
[NEIGHBOR-DISCOVERY] [15] 2 3 4 5 6 7 8 11 12 13 14 16 17 18 19 22 23 24 25 26 27 28 32 33 34 35 36 37 38 43 44 45 46 47 55
[NEIGHBOR-DISCOVERY] [16] 3 4 5 6 7 8 9 12 13 14 15 17 18 19 23 24 25 26 27 28 29 33 34 35 36 37 38 39 44 45 46 47 48 56
[NEIGHBOR-DISCOVERY] [17] 4 5 6 7 8 9 13 14 15 16 18 19 24 25 26 27 28 29 34 35 36 37 38 39 45 46 47 48 49 57
[NEIGHBOR-DISCOVERY] [18] 5 6 7 8 9 14 15 16 17 19 25 26 27 28 29 35 36 37 38 39 46 47 48 49 58
[NEIGHBOR-DISCOVERY] [19] 6 7 8 9 15 16 17 18 26 27 28 29 36 37 38 39 47 48 49 59
[NEIGHBOR-DISCOVERY] [20] 0 1 2 3 10 11 12 13 21 22 23 24 30 31 32 33 40 41 42 43 50 51 52 60
[NEIGHBOR-DISCOVERY] [21] 0 1 2 3 4 10 11 12 13 14 20 22 23 24 25 30 31 32 33 34 40 41 42 43 44 50 51 52 53 61
[NEIGHBOR-DISCOVERY] [22] 0 1 2 3 4 5 10 11 12 13 14 15 20 21 23 24 25 26 30 31 32 33 34 35 40 41 42 43 44 45 50 51 52 53 54 62
[NEIGHBOR-DISCOVERY] [23] 0 1 2 3 4 5 6 10 11 12 13 14 15 16 20 21 22 24 25 26 27 30 31 32 33 34 35 36 40 41 42 43 44 45 46 51 52 53 54 55 63
[NEIGHBOR-DISCOVERY] [24] 1 2 3 4 5 6 7 11 12 13 14 15 16 17 20 21 22 23 25 26 27 28 31 32 33 34 35 36 37 41 42 43 44 45 46 47 52 53 54 55 56 64
[NEIGHBOR-DISCOVERY] [25] 2 3 4 5 6 7 8 12 13 14 15 16 17 18 21 22 23 24 26 27 28 29 32 33 34 35 36 37 38 42 43 44 45 46 47 48 53 54 55 56 57 65
[NEIGHBOR-DISCOVERY] [26] 3 4 5 6 7 8 9 13 14 15 16 17 18 19 22 23 24 25 27 28 29 33 34 35 36 37 38 39 43 44 45 46 47 48 49 54 55 56 57 58 66
[NEIGHBOR-DISCOVERY] [27] 4 5 6 7 8 9 14 15 16 17 18 19 23 24 25 26 28 29 34 35 36 37 38 39 44 45 46 47 48 49 55 56 57 58 59 67
[NEIGHBOR-DISCOVERY] [28] 5 6 7 8 9 15 16 17 18 19 24 25 26 27 29 35 36 37 38 39 45 46 47 48 49 56 57 58 59 68
[NEIGHBOR-DISCOVERY] [29] 6 7 8 9 16 17 18 19 25 26 27 28 36 37 38 39 46 47 48 49 57 58 59 69
[NEIGHBOR-DISCOVERY] [30] 0 1 2 10 11 12 13 20 21 22 23 31 32 33 34 40 41 42 43 50 51 52 53 60 61 62 70
[NEIGHBOR-DISCOVERY] [31] 0 1 2 3 10 11 12 13 14 20 21 22 23 24 30 32 33 34 35 40 41 42 43 44 50 51 52 53 54 60 61 62 63 71
[NEIGHBOR-DISCOVERY] [32] 0 1 2 3 4 10 11 12 13 14 15 20 21 22 23 24 25 30 31 33 34 35 36 40 41 42 43 44 45 50 51 52 53 54 55 60 61 62 63 64 72
[NEIGHBOR-DISCOVERY] [33] 1 2 3 4 5 10 11 12 13 14 15 16 20 21 22 23 24 25 26 30 31 32 34 35 36 37 40 41 42 43 44 45 46 50 51 52 53 54 55 56 61 62 63 64 65 73
[NEIGHBOR-DISCOVERY] [34] 2 3 4 5 6 11 12 13 14 15 16 17 21 22 23 24 25 26 27 30 31 32 33 35 36 37 38 41 42 43 44 45 46 47 51 52 53 54 55 56 57 62 63 64 65 66 74
[NEIGHBOR-DISCOVERY] [35] 3 4 5 6 7 12 13 14 15 16 17 18 22 23 24 25 26 27 28 31 32 33 34 36 37 38 39 42 43 44 45 46 47 48 52 53 54 55 56 57 58 63 64 65 66 67 75
[NEIGHBOR-DISCOVERY] [36] 4 5 6 7 8 13 14 15 16 17 18 19 23 24 25 26 27 28 29 32 33 34 35 37 38 39 43 44 45 46 47 48 49 53 54 55 56 57 58 59 64 65 66 67 68 76
[NEIGHBOR-DISCOVERY] [37] 5 6 7 8 9 14 15 16 17 18 19 24 25 26 27 28 29 33 34 35 36 38 39 44 45 46 47 48 49 54 55 56 57 58 59 65 66 67 68 69 77
[NEIGHBOR-DISCOVERY] [38] 6 7 8 9 15 16 17 18 19 25 26 27 28 29 34 35 36 37 39 45 46 47 48 49 55 56 57 58 59 66 67 68 69 78
[NEIGHBOR-DISCOVERY] [39] 7 8 9 16 17 18 19 26 27 28 29 35 36 37 38 46 47 48 49 56 57 58 59 67 68 69 79
[NEIGHBOR-DISCOVERY] [40] 0 10 11 12 20 21 22 23 30 31 32 33 41 42 43 44 50 51 52 53 60 61 62 63 70 71 72 80
[NEIGHBOR-DISCOVERY] [41] 1 10 11 12 13 20 21 22 23 24 30 31 32 33 34 40 42 43 44 45 50 51 52 53 54 60 61 62 63 64 70 71 72 73 81
[NEIGHBOR-DISCOVERY] [42] 2 10 11 12 13 14 20 21 22 23 24 25 30 31 32 33 34 35 40 41 43 44 45 46 50 51 52 53 54 55 60 61 62 63 64 65 70 71 72 73 74 82
[NEIGHBOR-DISCOVERY] [43] 3 11 12 13 14 15 20 21 22 23 24 25 26 30 31 32 33 34 35 36 40 41 42 44 45 46 47 50 51 52 53 54 55 56 60 61 62 63 64 65 66 71 72 73 74 75 83
[NEIGHBOR-DISCOVERY] [44] 4 12 13 14 15 16 21 22 23 24 25 26 27 31 32 33 34 35 36 37 40 41 42 43 45 46 47 48 51 52 53 54 55 56 57 61 62 63 64 65 66 67 72 73 74 75 76 84
[NEIGHBOR-DISCOVERY] [45] 5 13 14 15 16 17 22 23 24 25 26 27 28 32 33 34 35 36 37 38 41 42 43 44 46 47 48 49 52 53 54 55 56 57 58 62 63 64 65 66 67 68 73 74 75 76 77 85
[NEIGHBOR-DISCOVERY] [46] 6 14 15 16 17 18 23 24 25 26 27 28 29 33 34 35 36 37 38 39 42 43 44 45 47 48 49 53 54 55 56 57 58 59 63 64 65 66 67 68 69 74 75 76 77 78 86
[NEIGHBOR-DISCOVERY] [47] 7 15 16 17 18 19 24 25 26 27 28 29 34 35 36 37 38 39 43 44 45 46 48 49 54 55 56 57 58 59 64 65 66 67 68 69 75 76 77 78 79 87
[NEIGHBOR-DISCOVERY] [48] 8 16 17 18 19 25 26 27 28 29 35 36 37 38 39 44 45 46 47 49 55 56 57 58 59 65 66 67 68 69 76 77 78 79 88
[NEIGHBOR-DISCOVERY] [49] 9 17 18 19 26 27 28 29 36 37 38 39 45 46 47 48 56 57 58 59 66 67 68 69 77 78 79 89
[NEIGHBOR-DISCOVERY] [50] 10 20 21 22 30 31 32 33 40 41 42 43 51 52 53 54 60 61 62 63 70 71 72 73 80 81 82 90
[NEIGHBOR-DISCOVERY] [51] 11 20 21 22 23 30 31 32 33 34 40 41 42 43 44 50 52 53 54 55 60 61 62 63 64 70 71 72 73 74 80 81 82 83 91
[NEIGHBOR-DISCOVERY] [52] 12 20 21 22 23 24 30 31 32 33 34 35 40 41 42 43 44 45 50 51 53 54 55 56 60 61 62 63 64 65 70 71 72 73 74 75 80 81 82 83 84 92
[NEIGHBOR-DISCOVERY] [53] 13 21 22 23 24 25 30 31 32 33 34 35 36 40 41 42 43 44 45 46 50 51 52 54 55 56 57 60 61 62 63 64 65 66 70 71 72 73 74 75 76 81 82 83 84 85 93
[NEIGHBOR-DISCOVERY] [54] 14 22 23 24 25 26 31 32 33 34 35 36 37 41 42 43 44 45 46 47 50 51 52 53 55 56 57 58 61 62 63 64 65 66 67 71 72 73 74 75 76 77 82 83 84 85 86 94
[NEIGHBOR-DISCOVERY] [55] 15 23 24 25 26 27 32 33 34 35 36 37 38 42 43 44 45 46 47 48 51 52 53 54 56 57 58 59 62 63 64 65 66 67 68 72 73 74 75 76 77 78 83 84 85 86 87 95
[NEIGHBOR-DISCOVERY] [56] 16 24 25 26 27 28 33 34 35 36 37 38 39 43 44 45 46 47 48 49 52 53 54 55 57 58 59 63 64 65 66 67 68 69 73 74 75 76 77 78 79 84 85 86 87 88 96
[NEIGHBOR-DISCOVERY] [57] 17 25 26 27 28 29 34 35 36 37 38 39 44 45 46 47 48 49 53 54 55 56 58 59 64 65 66 67 68 69 74 75 76 77 78 79 85 86 87 88 89 97
[NEIGHBOR-DISCOVERY] [58] 18 26 27 28 29 35 36 37 38 39 45 46 47 48 49 54 55 56 57 59 65 66 67 68 69 75 76 77 78 79 86 87 88 89 98
[NEIGHBOR-DISCOVERY] [59] 19 27 28 29 36 37 38 39 46 47 48 49 55 56 57 58 66 67 68 69 76 77 78 79 87 88 89 99
[NEIGHBOR-DISCOVERY] [60] 20 30 31 32 40 41 42 43 50 51 52 53 61 62 63 64 70 71 72 73 80 81 82 83 90 91 92
[NEIGHBOR-DISCOVERY] [61] 21 30 31 32 33 40 41 42 43 44 50 51 52 53 54 60 62 63 64 65 70 71 72 73 74 80 81 82 83 84 90 91 92 93
[NEIGHBOR-DISCOVERY] [62] 22 30 31 32 33 34 40 41 42 43 44 45 50 51 52 53 54 55 60 61 63 64 65 66 70 71 72 73 74 75 80 81 82 83 84 85 90 91 92 93 94
[NEIGHBOR-DISCOVERY] [63] 23 31 32 33 34 35 40 41 42 43 44 45 46 50 51 52 53 54 55 56 60 61 62 64 65 66 67 70 71 72 73 74 75 76 80 81 82 83 84 85 86 91 92 93 94 95
[NEIGHBOR-DISCOVERY] [64] 24 32 33 34 35 36 41 42 43 44 45 46 47 51 52 53 54 55 56 57 60 61 62 63 65 66 67 68 71 72 73 74 75 76 77 81 82 83 84 85 86 87 92 93 94 95 96
[NEIGHBOR-DISCOVERY] [65] 25 33 34 35 36 37 42 43 44 45 46 47 48 52 53 54 55 56 57 58 61 62 63 64 66 67 68 69 72 73 74 75 76 77 78 82 83 84 85 86 87 88 93 94 95 96 97
[NEIGHBOR-DISCOVERY] [66] 26 34 35 36 37 38 43 44 45 46 47 48 49 53 54 55 56 57 58 59 62 63 64 65 67 68 69 73 74 75 76 77 78 79 83 84 85 86 87 88 89 94 95 96 97 98
[NEIGHBOR-DISCOVERY] [67] 27 35 36 37 38 39 44 45 46 47 48 49 54 55 56 57 58 59 63 64 65 66 68 69 74 75 76 77 78 79 84 85 86 87 88 89 95 96 97 98 99
[NEIGHBOR-DISCOVERY] [68] 28 36 37 38 39 45 46 47 48 49 55 56 57 58 59 64 65 66 67 69 75 76 77 78 79 85 86 87 88 89 96 97 98 99
[NEIGHBOR-DISCOVERY] [69] 29 37 38 39 46 47 48 49 56 57 58 59 65 66 67 68 76 77 78 79 86 87 88 89 97 98 99
[NEIGHBOR-DISCOVERY] [70] 30 40 41 42 50 51 52 53 60 61 62 63 71 72 73 74 80 81 82 83 90 91 92 93
[NEIGHBOR-DISCOVERY] [71] 31 40 41 42 43 50 51 52 53 54 60 61 62 63 64 70 72 73 74 75 80 81 82 83 84 90 91 92 93 94
[NEIGHBOR-DISCOVERY] [72] 32 40 41 42 43 44 50 51 52 53 54 55 60 61 62 63 64 65 70 71 73 74 75 76 80 81 82 83 84 85 90 91 92 93 94 95
[NEIGHBOR-DISCOVERY] [73] 33 41 42 43 44 45 50 51 52 53 54 55 56 60 61 62 63 64 65 66 70 71 72 74 75 76 77 80 81 82 83 84 85 86 90 91 92 93 94 95 96
[NEIGHBOR-DISCOVERY] [74] 34 42 43 44 45 46 51 52 53 54 55 56 57 61 62 63 64 65 66 67 70 71 72 73 75 76 77 78 81 82 83 84 85 86 87 91 92 93 94 95 96 97
[NEIGHBOR-DISCOVERY] [75] 35 43 44 45 46 47 52 53 54 55 56 57 58 62 63 64 65 66 67 68 71 72 73 74 76 77 78 79 82 83 84 85 86 87 88 92 93 94 95 96 97 98
[NEIGHBOR-DISCOVERY] [76] 36 44 45 46 47 48 53 54 55 56 57 58 59 63 64 65 66 67 68 69 72 73 74 75 77 78 79 83 84 85 86 87 88 89 93 94 95 96 97 98 99
[NEIGHBOR-DISCOVERY] [77] 37 45 46 47 48 49 54 55 56 57 58 59 64 65 66 67 68 69 73 74 75 76 78 79 84 85 86 87 88 89 94 95 96 97 98 99
[NEIGHBOR-DISCOVERY] [78] 38 46 47 48 49 55 56 57 58 59 65 66 67 68 69 74 75 76 77 79 85 86 87 88 89 95 96 97 98 99
[NEIGHBOR-DISCOVERY] [79] 39 47 48 49 56 57 58 59 66 67 68 69 75 76 77 78 86 87 88 89 96 97 98 99
[NEIGHBOR-DISCOVERY] [80] 40 50 51 52 60 61 62 63 70 71 72 73 81 82 83 84 90 91 92 93
[NEIGHBOR-DISCOVERY] [81] 41 50 51 52 53 60 61 62 63 64 70 71 72 73 74 80 82 83 84 85 90 91 92 93 94
[NEIGHBOR-DISCOVERY] [82] 42 50 51 52 53 54 60 61 62 63 64 65 70 71 72 73 74 75 80 81 83 84 85 86 90 91 92 93 94 95
[NEIGHBOR-DISCOVERY] [83] 43 51 52 53 54 55 60 61 62 63 64 65 66 70 71 72 73 74 75 76 80 81 82 84 85 86 87 90 91 92 93 94 95 96
[NEIGHBOR-DISCOVERY] [84] 44 52 53 54 55 56 61 62 63 64 65 66 67 71 72 73 74 75 76 77 80 81 82 83 85 86 87 88 91 92 93 94 95 96 97
[NEIGHBOR-DISCOVERY] [85] 45 53 54 55 56 57 62 63 64 65 66 67 68 72 73 74 75 76 77 78 81 82 83 84 86 87 88 89 92 93 94 95 96 97 98
[NEIGHBOR-DISCOVERY] [86] 46 54 55 56 57 58 63 64 65 66 67 68 69 73 74 75 76 77 78 79 82 83 84 85 87 88 89 93 94 95 96 97 98 99
[NEIGHBOR-DISCOVERY] [87] 47 55 56 57 58 59 64 65 66 67 68 69 74 75 76 77 78 79 83 84 85 86 88 89 94 95 96 97 98 99
[NEIGHBOR-DISCOVERY] [88] 48 56 57 58 59 65 66 67 68 69 75 76 77 78 79 84 85 86 87 89 95 96 97 98 99
[NEIGHBOR-DISCOVERY] [89] 49 57 58 59 66 67 68 69 76 77 78 79 85 86 87 88 96 97 98 99
[NEIGHBOR-DISCOVERY] [90] 50 60 61 62 70 71 72 73 80 81 82 83 91 92 93 94
[NEIGHBOR-DISCOVERY] [91] 51 60 61 62 63 70 71 72 73 74 80 81 82 83 84 90 92 93 94 95
[NEIGHBOR-DISCOVERY] [92] 52 60 61 62 63 64 70 71 72 73 74 75 80 81 82 83 84 85 90 91 93 94 95 96
[NEIGHBOR-DISCOVERY] [93] 53 61 62 63 64 65 70 71 72 73 74 75 76 80 81 82 83 84 85 86 90 91 92 94 95 96 97
[NEIGHBOR-DISCOVERY] [94] 54 62 63 64 65 66 71 72 73 74 75 76 77 81 82 83 84 85 86 87 90 91 92 93 95 96 97 98
[NEIGHBOR-DISCOVERY] [95] 55 63 64 65 66 67 72 73 74 75 76 77 78 82 83 84 85 86 87 88 91 92 93 94 96 97 98 99
[NEIGHBOR-DISCOVERY] [96] 56 64 65 66 67 68 73 74 75 76 77 78 79 83 84 85 86 87 88 89 92 93 94 95 97 98 99
[NEIGHBOR-DISCOVERY] [97] 57 65 66 67 68 69 74 75 76 77 78 79 84 85 86 87 88 89 93 94 95 96 98 99
[NEIGHBOR-DISCOVERY] [98] 58 66 67 68 69 75 76 77 78 79 85 86 87 88 89 94 95 96 97 99
[NEIGHBOR-DISCOVERY] [99] 59 67 68 69 76 77 78 79 86 87 88 89 95 96 97 98
Step 2: Neighbor Discovery
  Discovery radius: 80m
  Total neighbor links: 1654

[CELL-LEADER] [0] 0 (0)
[CELL-LEADER] [1] 7 (1.43594)
[CELL-LEADER] [9999] 60 (69.282)
[CELL-LEADER] [10000] 63 (9.28203)
[CELL-LEADER] [10001] 69 (27.8461)
[CELL-LEADER] [19999] 90 (60)
[CELL-LEADER] [20000] 97 (60.0172)
Step 3: Select Cell Leaders
  Total cells: 7
    Cell 0: Leader 0
    Cell 1: Leader 7
    Cell 9999: Leader 60
    Cell 10000: Leader 63
    Cell 10001: Leader 69
    Cell 19999: Leader 90
    Cell 20000: Leader 97

Step 4: Select Gateway Pairs
  Total gateway pairs: 11

[INTRA-CELL-TREE] [0] 0 (0) 3 (1) 40 (9999) 22 (10000)
[INTRA-CELL-TREE] [1] 0 (0) 3 (1) 0 (9999) 22 (10000)
[INTRA-CELL-TREE] [2] 0 (0) 3 (1) 0 (9999) 22 (10000)
[INTRA-CELL-TREE] [3] 0 (0) 3 (1) 0 (9999) 22 (10000)
[INTRA-CELL-TREE] [4] 4 (0) 7 (1) 24 (10000) 6 (10001)
[INTRA-CELL-TREE] [5] 4 (0) 7 (1) 24 (10000) 6 (10001)
[INTRA-CELL-TREE] [6] 4 (0) 7 (1) 24 (10000) 29 (10001)
[INTRA-CELL-TREE] [7] 4 (0) 7 (1) 24 (10000) 29 (10001)
[INTRA-CELL-TREE] [8] 4 (0) 7 (1) 4 (10000) 29 (10001)
[INTRA-CELL-TREE] [9] 5 (0) 7 (1) 5 (10000) 29 (10001)
[INTRA-CELL-TREE] [10] 0 (0) 3 (1) 40 (9999) 22 (10000)
[INTRA-CELL-TREE] [11] 0 (0) 3 (1) 40 (9999) 22 (10000)
[INTRA-CELL-TREE] [12] 0 (0) 3 (1) 40 (9999) 22 (10000)
[INTRA-CELL-TREE] [13] 0 (0) 3 (1) 0 (9999) 22 (10000)
[INTRA-CELL-TREE] [14] 4 (0) 7 (1) 24 (10000) 6 (10001)
[INTRA-CELL-TREE] [15] 4 (0) 7 (1) 24 (10000) 6 (10001)
[INTRA-CELL-TREE] [16] 4 (0) 7 (1) 24 (10000) 29 (10001)
[INTRA-CELL-TREE] [17] 4 (0) 7 (1) 24 (10000) 29 (10001)
[INTRA-CELL-TREE] [18] 5 (0) 7 (1) 5 (10000) 29 (10001)
[INTRA-CELL-TREE] [19] 6 (0) 7 (1) 6 (10000) 29 (10001)
[INTRA-CELL-TREE] [20] 0 (0) 3 (1) 40 (9999) 22 (10000)
[INTRA-CELL-TREE] [21] 0 (0) 3 (1) 40 (9999) 22 (10000)
[INTRA-CELL-TREE] [22] 0 (0) 3 (1) 40 (9999) 22 (10000)
[INTRA-CELL-TREE] [23] 0 (0) 3 (1) 40 (9999) 22 (10000)
[INTRA-CELL-TREE] [24] 4 (0) 7 (1) 24 (10000) 6 (10001)
[INTRA-CELL-TREE] [25] 4 (0) 7 (1) 24 (10000) 29 (10001)
[INTRA-CELL-TREE] [26] 4 (0) 7 (1) 24 (10000) 29 (10001)
[INTRA-CELL-TREE] [27] 4 (0) 7 (1) 24 (10000) 29 (10001)
[INTRA-CELL-TREE] [28] 5 (0) 7 (1) 24 (10000) 29 (10001)
[INTRA-CELL-TREE] [29] 6 (0) 7 (1) 6 (10000) 29 (10001)
[INTRA-CELL-TREE] [30] 0 (0) 0 (1) 40 (9999) 22 (10000)
[INTRA-CELL-TREE] [31] 0 (0) 3 (1) 40 (9999) 22 (10000)
[INTRA-CELL-TREE] [32] 32 (0) 34 (1) 50 (9999) 63 (10000) 33 (10001) 41 (19999) 54 (20000)
[INTRA-CELL-TREE] [33] 32 (0) 34 (1) 50 (9999) 63 (10000) 46 (10001) 41 (19999) 46 (20000)
[INTRA-CELL-TREE] [34] 32 (0) 34 (1) 32 (9999) 63 (10000) 46 (10001) 41 (19999) 46 (20000)
[INTRA-CELL-TREE] [35] 32 (0) 34 (1) 32 (9999) 63 (10000) 46 (10001) 52 (19999) 46 (20000)
[INTRA-CELL-TREE] [36] 4 (0) 7 (1) 24 (10000) 29 (10001)
[INTRA-CELL-TREE] [37] 5 (0) 7 (1) 24 (10000) 29 (10001)
[INTRA-CELL-TREE] [38] 6 (0) 7 (1) 6 (10000) 29 (10001)
[INTRA-CELL-TREE] [39] 39 (1) 47 (10000) 69 (10001) 47 (20000)
[INTRA-CELL-TREE] [40] 0 (0) 0 (1) 40 (9999) 22 (10000)
[INTRA-CELL-TREE] [41] 32 (0) 34 (1) 50 (9999) 63 (10000) 33 (10001) 81 (19999) 54 (20000)
[INTRA-CELL-TREE] [42] 32 (0) 34 (1) 50 (9999) 63 (10000) 46 (10001) 41 (19999) 46 (20000)
[INTRA-CELL-TREE] [43] 32 (0) 34 (1) 50 (9999) 63 (10000) 46 (10001) 41 (19999) 46 (20000)
[INTRA-CELL-TREE] [44] 32 (0) 34 (1) 32 (9999) 63 (10000) 46 (10001) 41 (19999) 46 (20000)
[INTRA-CELL-TREE] [45] 32 (0) 34 (1) 32 (9999) 63 (10000) 46 (10001) 41 (19999) 46 (20000)
[INTRA-CELL-TREE] [46] 33 (0) 34 (1) 33 (9999) 63 (10000) 46 (10001) 53 (19999) 86 (20000)
[INTRA-CELL-TREE] [47] 39 (1) 47 (10000) 69 (10001) 87 (20000)
[INTRA-CELL-TREE] [48] 39 (1) 47 (10000) 69 (10001) 47 (20000)
[INTRA-CELL-TREE] [49] 39 (1) 47 (10000) 69 (10001) 47 (20000)
[INTRA-CELL-TREE] [50] 32 (0) 32 (1) 50 (9999) 63 (10000) 33 (10001) 81 (19999) 54 (20000)
[INTRA-CELL-TREE] [51] 32 (0) 34 (1) 50 (9999) 63 (10000) 33 (10001) 81 (19999) 54 (20000)
[INTRA-CELL-TREE] [52] 32 (0) 34 (1) 50 (9999) 63 (10000) 33 (10001) 81 (19999) 54 (20000)
[INTRA-CELL-TREE] [53] 32 (0) 34 (1) 50 (9999) 63 (10000) 46 (10001) 81 (19999) 46 (20000)
[INTRA-CELL-TREE] [54] 32 (0) 34 (1) 50 (9999) 63 (10000) 46 (10001) 41 (19999) 86 (20000)
[INTRA-CELL-TREE] [55] 32 (0) 34 (1) 32 (9999) 63 (10000) 46 (10001) 51 (19999) 86 (20000)
[INTRA-CELL-TREE] [56] 33 (0) 34 (1) 33 (9999) 63 (10000) 46 (10001) 52 (19999) 86 (20000)
[INTRA-CELL-TREE] [57] 39 (1) 47 (10000) 69 (10001) 87 (20000)
[INTRA-CELL-TREE] [58] 39 (1) 47 (10000) 69 (10001) 87 (20000)
[INTRA-CELL-TREE] [59] 39 (1) 47 (10000) 69 (10001) 87 (20000)
[INTRA-CELL-TREE] [60] 60 (0) 60 (9999) 60 (10000) 80 (19999)
[INTRA-CELL-TREE] [61] 32 (0) 32 (1) 50 (9999) 63 (10000) 33 (10001) 81 (19999) 54 (20000)
[INTRA-CELL-TREE] [62] 32 (0) 34 (1) 50 (9999) 63 (10000) 33 (10001) 81 (19999) 54 (20000)
[INTRA-CELL-TREE] [63] 32 (0) 34 (1) 50 (9999) 63 (10000) 46 (10001) 81 (19999) 86 (20000)
[INTRA-CELL-TREE] [64] 32 (0) 34 (1) 32 (9999) 63 (10000) 46 (10001) 81 (19999) 86 (20000)
[INTRA-CELL-TREE] [65] 33 (0) 34 (1) 33 (9999) 63 (10000) 46 (10001) 52 (19999) 86 (20000)
[INTRA-CELL-TREE] [66] 34 (0) 34 (1) 43 (9999) 63 (10000) 46 (10001) 53 (19999) 86 (20000)
[INTRA-CELL-TREE] [67] 39 (1) 47 (10000) 69 (10001) 87 (20000)
[INTRA-CELL-TREE] [68] 39 (1) 47 (10000) 69 (10001) 87 (20000)
[INTRA-CELL-TREE] [69] 39 (1) 47 (10000) 69 (10001) 87 (20000)
[INTRA-CELL-TREE] [70] 60 (0) 60 (9999) 60 (10000) 80 (19999)
[INTRA-CELL-TREE] [71] 41 (0) 41 (1) 50 (9999) 63 (10000) 42 (10001) 81 (19999) 54 (20000)
[INTRA-CELL-TREE] [72] 32 (0) 32 (1) 50 (9999) 63 (10000) 42 (10001) 81 (19999) 54 (20000)
[INTRA-CELL-TREE] [73] 33 (0) 33 (1) 50 (9999) 63 (10000) 33 (10001) 81 (19999) 86 (20000)
[INTRA-CELL-TREE] [74] 34 (0) 34 (1) 42 (9999) 63 (10000) 46 (10001) 81 (19999) 86 (20000)
[INTRA-CELL-TREE] [75] 35 (0) 35 (1) 43 (9999) 63 (10000) 46 (10001) 52 (19999) 86 (20000)
[INTRA-CELL-TREE] [76] 44 (0) 44 (1) 53 (9999) 63 (10000) 46 (10001) 53 (19999) 86 (20000)
[INTRA-CELL-TREE] [77] 47 (1) 47 (10000) 69 (10001) 87 (20000)
[INTRA-CELL-TREE] [78] 47 (1) 47 (10000) 69 (10001) 87 (20000)
[INTRA-CELL-TREE] [79] 39 (1) 47 (10000) 69 (10001) 87 (20000)
[INTRA-CELL-TREE] [80] 60 (0) 60 (9999) 60 (10000) 80 (19999)
[INTRA-CELL-TREE] [81] 41 (0) 41 (1) 50 (9999) 63 (10000) 53 (10001) 81 (19999) 63 (20000)
[INTRA-CELL-TREE] [82] 42 (0) 42 (1) 50 (9999) 63 (10000) 42 (10001) 81 (19999) 86 (20000)
[INTRA-CELL-TREE] [83] 43 (0) 43 (1) 43 (9999) 63 (10000) 43 (10001) 81 (19999) 86 (20000)
[INTRA-CELL-TREE] [84] 44 (0) 44 (1) 52 (9999) 63 (10000) 44 (10001) 81 (19999) 86 (20000)
[INTRA-CELL-TREE] [85] 45 (0) 45 (1) 53 (9999) 63 (10000) 45 (10001) 81 (19999) 86 (20000)
[INTRA-CELL-TREE] [86] 54 (0) 46 (1) 54 (9999) 63 (10000) 46 (10001) 63 (19999) 86 (20000)
[INTRA-CELL-TREE] [87] 47 (1) 47 (10000) 69 (10001) 87 (20000)
[INTRA-CELL-TREE] [88] 48 (1) 48 (10000) 69 (10001) 87 (20000)
[INTRA-CELL-TREE] [89] 49 (1) 49 (10000) 69 (10001) 87 (20000)
[INTRA-CELL-TREE] [90] 90 (9999) 91 (10000) 90 (19999)
[INTRA-CELL-TREE] [91] 90 (9999) 91 (10000) 90 (19999)
[INTRA-CELL-TREE] [92] 52 (0) 52 (1) 52 (9999) 63 (10000) 63 (10001) 81 (19999) 63 (20000)
[INTRA-CELL-TREE] [93] 53 (0) 53 (1) 53 (9999) 63 (10000) 53 (10001) 81 (19999) 86 (20000)
[INTRA-CELL-TREE] [94] 54 (0) 54 (1) 54 (9999) 63 (10000) 54 (10001) 81 (19999) 86 (20000)
[INTRA-CELL-TREE] [95] 55 (0) 55 (1) 63 (9999) 63 (10000) 55 (10001) 63 (19999) 86 (20000)
[INTRA-CELL-TREE] [96] 96 (10000) 97 (10001) 97 (20000)
[INTRA-CELL-TREE] [97] 96 (10000) 97 (10001) 97 (20000)
[INTRA-CELL-TREE] [98] 96 (10000) 97 (10001) 97 (20000)
[INTRA-CELL-TREE] [99] 59 (1) 59 (10000) 69 (10001) 87 (20000)
Step 5: Build Intra-Cell Routing Trees
  Total routing entries: 100

Step 6: Enhance Routing for Gateway Access
  Routing tree enhanced for cross-cell communication

Step 7: Validate Routing Trees
  Routing tree validation completed

Step 8: Finalize Ground Node States
  All node states finalized

[SUSPICIOUS-POINT] 140 0
[SUSPICIOUS-REGION]  4 5 6 7 8 9 14 15 16 17 18 19 24 25 26 27 28 29 36 37 38 39 47 48 49 57 58 59 67 68 69 77 78 79 87 88 89 99 (Cells:  1 10001)
Step 9: Select Suspicious Region
  Suspicious nodes: 38
  Coverage: 38.0%
  Node IDs: 4 5 6 7 8 9 14 15 16 17 18 19 24 25 26 27 28 29 36 37 38 39 47 48 49 57 58 59 67 68 69 77 78 79 87 88 89 99 

[FRAGMENTS] 209669(0.095) 276277(0.125) 153092(0.069) 256255(0.116) 231302(0.105) 94256(0.043) 157226(0.071) 286618(0.130) 172432(0.078) 260025(0.118)
Step 10: Generate Fragments
  Total fragments: 10
  Average confidence: 0.095

[UAV-PATH] 102 strategy=GreedySetCover totalDistance=626.7m totalTime=41.8s flightSpeed=15.0m/s hoverTime=0.0s avgSpeed=15.0m/s broadcastRadius=50.0m coverage=38/38 waypoints: (140.0,40.0) (160.0,120.0) (100.0,40.0) (140.0,20.0) (160.0,140.0)
[UAV-PATH] 101 strategy=GreedyNearestNeighbor totalDistance=954.2m totalTime=114.2s flightSpeed=25.0m/s hoverTime=2.0s avgSpeed=25.0m/s waypoints: (80.0,0.0) (100.0,0.0) (120.0,0.0) (140.0,0.0) (160.0,0.0) (180.0,0.0) (180.0,20.0) (160.0,20.0) (140.0,20.0) (120.0,20.0) (100.0,20.0) (80.0,20.0) (80.0,40.0) (100.0,40.0) (120.0,40.0) (140.0,40.0) (160.0,40.0) (180.0,40.0) (180.0,60.0) (160.0,60.0) (140.0,60.0) (120.0,60.0) (140.0,80.0) (160.0,80.0) (180.0,80.0) (180.0,100.0) (160.0,100.0) (140.0,100.0) (140.0,120.0) (160.0,120.0) (180.0,120.0) (180.0,140.0) (160.0,140.0) (140.0,140.0) (140.0,160.0) (160.0,160.0) (180.0,160.0) (180.0,180.0)
Step 11: Plan UAV Flight Paths
  Total UAVs: 2
  UAV 101:
    Waypoints: 38
    Total time: 114.2s
    Total distance: 954.2m
  UAV 102:
    Waypoints: 5
    Total time: 41.8s
    Total distance: 626.7m

=== Base Station Initialization Complete ===
End Time: 0.0s

[EVENT] 13.3 | event=UAVWaypointArrival | nodeId=101 | pos=(80.0,0.0,20.0)
[EVENT] 16.1 | event=UAVWaypointArrival | nodeId=101 | pos=(100.0,0.0,20.0)
[EVENT] 18.9 | event=UAVWaypointArrival | nodeId=101 | pos=(120.0,0.0,20.0)
[EVENT] 21.7 | event=UAVWaypointArrival | nodeId=101 | pos=(140.0,0.0,20.0)
[EVENT] 23.6 | event=UAVWaypointArrival | nodeId=102 | pos=(140.0,40.0,20.0)
[EVENT] 24.5 | event=UAVWaypointArrival | nodeId=101 | pos=(160.0,0.0,20.0)
[EVENT] 27.3 | event=UAVWaypointArrival | nodeId=101 | pos=(180.0,0.0,20.0)
[EVENT] 29.1 | event=UAVWaypointArrival | nodeId=102 | pos=(160.0,120.0,20.0)
[EVENT] 30.1 | event=UAVWaypointArrival | nodeId=101 | pos=(180.0,20.0,20.0)
[EVENT] 32.9 | event=UAVWaypointArrival | nodeId=101 | pos=(160.0,20.0,20.0)
[EVENT] 35.7 | event=UAVWaypointArrival | nodeId=101 | pos=(140.0,20.0,20.0)
[EVENT] 35.8 | event=UAVWaypointArrival | nodeId=102 | pos=(100.0,40.0,20.0)
[EVENT] 38.5 | event=UAVWaypointArrival | nodeId=101 | pos=(120.0,20.0,20.0)
[EVENT] 38.8 | event=UAVWaypointArrival | nodeId=102 | pos=(140.0,20.0,20.0)
[EVENT] 41.3 | event=UAVWaypointArrival | nodeId=101 | pos=(100.0,20.0,20.0)
[EVENT] 44.1 | event=UAVWaypointArrival | nodeId=101 | pos=(80.0,20.0,20.0)
[EVENT] 46.9 | event=UAVWaypointArrival | nodeId=102 | pos=(160.0,140.0,20.0)
[EVENT] 46.9 | event=UAVWaypointArrival | nodeId=101 | pos=(80.0,40.0,20.0)
[EVENT] 49.7 | event=UAVWaypointArrival | nodeId=101 | pos=(100.0,40.0,20.0)
[EVENT] 52.5 | event=UAVWaypointArrival | nodeId=101 | pos=(120.0,40.0,20.0)
[EVENT] 55.3 | event=UAVWaypointArrival | nodeId=101 | pos=(140.0,40.0,20.0)
[EVENT] 58.1 | event=UAVWaypointArrival | nodeId=101 | pos=(160.0,40.0,20.0)

======================================
      Simulation Complete
======================================
